25.062075   121.650177  0  1499900465 
25.062075   121.650177  0  1499900470 
25.062094   121.654518  0  1499902147 
25.062094   121.654518  0  1499902152 
25.062094   121.658646  0  1499902157 
25.064119   121.655418  18  1499902162 
25.063948   121.655502  22  1499902167 
25.063658   121.655396  22  1499902172 
25.063477   121.655472  19  1499902177 
25.063238   121.655586  20  1499902182 
25.063009   121.655693  10  1499902187 
25.063160   121.656120  23  1499902192 
25.063236   121.656334  15  1499902197 
25.063257   121.656387  6  1499902202 
25.063320   121.656494  5  1499902207 
25.063396   121.656601  12  1499902212 
25.063505   121.656898  22  1499902217 
25.063675   121.657288  34  1499902222 
25.063881   121.657722  35  1499902227 
25.064085   121.658195  39  1499902232 
25.064322   121.658684  41  1499902237 
25.064550   121.659180  42  1499902242 
25.064798   121.659691  42  1499902247 
25.065025   121.660187  42  1499902252 
25.065275   121.660767  45  1499902257 
25.065504   121.661324  45  1499902262 
25.065742   121.661858  44  1499902267 
25.065994   121.662460  44  1499902272 
25.066212   121.663063  46  1499902277 
25.066444   121.663681  48  1499902282 
25.066662   121.664276  44  1499902287 
25.066868   121.664886  45  1499902292 
25.067039   121.665421  45  1499902297 
25.067209   121.666077  48  1499902302 
25.067335   121.666710  49  1499902307 
25.067410   121.667381  47  1499902312 
25.067436   121.667885  30  1499902317 
25.067438   121.668129  8  1499902322 
25.067417   121.668159  0  1499902327 
25.067419   121.668167  0  1499902332 
25.067417   121.668159  0  1499902337 
25.067417   121.668159  0  1499902342 
25.067417   121.668159  0  1499902347 
25.067419   121.668190  5  1499902352 
25.067425   121.668472  30  1499902357 
25.067369   121.669022  43  1499902362 
25.067253   121.669624  46  1499902367 
25.067059   121.670273  50  1499902372 
25.066799   121.670929  53  1499902377 
25.066488   121.671570  52  1499902382 
25.066149   121.672234  57  1499902387 
25.065823   121.672905  54  1499902392 
25.065639   121.673599  51  1499902397 
25.065596   121.674294  48  1499902402 
25.065643   121.674843  36  1499902407 
25.065805   121.675346  41  1499902412 
25.066080   121.675880  47  1499902417 
25.066462   121.676422  53  1499902422 
25.066919   121.677048  58  1499902427 
25.067326   121.677658  57  1499902432 
25.067677   121.678329  58  1499902437 
25.067991   121.679070  59  1499902442 
25.068211   121.679779  51  1499902447 
25.068348   121.680435  48  1499902452 
25.068438   121.681030  40  1499902457 
25.068501   121.681625  46  1499902462 
25.068554   121.682266  48  1499902467 
25.068609   121.682961  49  1499902472 
25.068668   121.683495  48  1499902477 
25.068796   121.684258  49  1499902482 
25.068983   121.684959  53  1499902487 
25.069254   121.685661  57  1499902492 
25.069580   121.686378  58  1499902497 
25.069965   121.687050  56  1499902502 
25.070389   121.687653  55  1499902507 
25.070860   121.688194  54  1499902512 
25.071375   121.688698  54  1499902517 
25.071968   121.689163  57  1499902522 
25.072603   121.689552  58  1499902527 
25.073250   121.689934  58  1499902532 
25.073870   121.690300  55  1499902537 
25.074467   121.690666  52  1499902542 
25.075005   121.691048  49  1499902547 
25.075493   121.691391  46  1499902552 
25.075949   121.691727  41  1499902557 
25.076429   121.692070  48  1499902562 
25.076950   121.692467  51  1499902567 
25.077477   121.692848  49  1499902572 
25.078005   121.693222  51  1499902577 
25.078524   121.693649  50  1499902582 
25.078936   121.694160  50  1499902587 
25.079250   121.694756  50  1499902592 
25.079462   121.695389  47  1499902597 
25.079630   121.695946  40  1499902602 
25.079773   121.696426  34  1499902607 
25.079914   121.696884  37  1499902612 
25.080055   121.697334  32  1499902617 
25.080137   121.697609  13  1499902622 
25.080149   121.697647  0  1499902627 
25.080149   121.697647  0  1499902632 
25.080156   121.697647  1  1499902637 
25.080173   121.697708  9  1499902642 
25.080242   121.697937  23  1499902647 
25.080374   121.698380  39  1499902652 
25.080561   121.698982  49  1499902657 
25.080755   121.699615  46  1499902662 
25.080868   121.700211  42  1499902667 
25.080795   121.700676  28  1499902672 
25.080734   121.700951  15  1499902677 
25.080711   121.701042  3  1499902682 
25.080709   121.701042  0  1499902687 
25.080709   121.701042  0  1499902692 
25.080709   121.701042  0  1499902697 
25.080709   121.701042  0  1499902702 
25.080709   121.701042  0  1499902707 
25.080709   121.701042  0  1499902712 
25.080715   121.701096  6  1499902717 
25.080618   121.701385  28  1499902722 
25.080584   121.701843  34  1499902727 
25.080780   121.702286  34  1499902732 
25.081186   121.702637  42  1499902737 
25.081606   121.702965  39  1499902742 
25.081989   121.703293  36  1499902747 
25.082331   121.703575  35  1499902752 
25.082689   121.703873  34  1499902757 
25.082973   121.704109  22  1499902762 
25.083105   121.704208  10  1499902767 
25.083155   121.704247  0  1499902772 
25.083155   121.704247  0  1499902777 
25.083155   121.704247  0  1499902782 
25.083162   121.704269  6  1499902787 
25.083399   121.704437  27  1499902792 
25.083759   121.704727  39  1499902797 
25.084251   121.705017  48  1499902802 
25.084873   121.705231  52  1499902807 
25.085510   121.705284  50  1499902812 
25.086172   121.705254  52  1499902817 
25.086828   121.705223  53  1499902822 
25.087343   121.705208  43  1499902827 
25.087946   121.705215  44  1499902832 
25.088438   121.705231  36  1499902837 
25.088911   121.705246  41  1499902842 
25.089411   121.705414  42  1499902847 
25.089825   121.705795  43  1499902852 
25.090073   121.706261  40  1499902857 
25.090250   121.706787  41  1499902862 
25.090462   121.707291  38  1499902867 
25.090691   121.707825  44  1499902872 
25.091026   121.708336  48  1499902877 
25.091415   121.708878  48  1499902882 
25.091782   121.709404  44  1499902887 
25.092087   121.709854  37  1499902892 
25.092291   121.710152  20  1499902897 
25.092365   121.710258  3  1499902902 
25.092363   121.710251  0  1499902907 
25.092363   121.710251  0  1499902912 
25.092363   121.710251  0  1499902917 
25.092363   121.710251  0  1499902922 
25.092363   121.710251  0  1499902927 
25.092363   121.710251  0  1499902932 
25.092363   121.710251  0  1499902937 
25.092363   121.710251  0  1499902942 
25.092438   121.710350  17  1499902947 
25.092594   121.710648  27  1499902952 
25.092924   121.711029  38  1499902957 
25.093307   121.711502  48  1499902962 
25.093666   121.711990  43  1499902967 
25.094069   121.712357  39  1499902972 
25.094339   121.712631  25  1499902977 
25.094439   121.712761  3  1499902982 
25.094439   121.712761  0  1499902987 
25.094461   121.712807  0  1499902992 
25.094461   121.712807  0  1499902997 
25.094461   121.712807  0  1499903002 
25.094601   121.712936  23  1499903007 
25.094831   121.713188  29  1499903012 
25.095127   121.713501  31  1499903017 
25.095402   121.713806  32  1499903022 
25.095661   121.714096  26  1499903027 
25.095770   121.714218  6  1499903032 
25.095722   121.714294  5  1499903037 
25.095669   121.714294  0  1499903042 
25.095610   121.714325  6  1499903047 
25.095499   121.714249  8  1499903052 
25.095406   121.714272  6  1499903057 
25.095398   121.714294  0  1499903062 
25.095415   121.714310  0  1499903067 
25.095415   121.714310  0  1499903072 
25.095415   121.714310  0  1499903077 
25.095415   121.714310  0  1499903082 
25.095430   121.714317  1  1499903087 
25.095430   121.714317  0  1499903092 
25.095430   121.714317  0  1499903097 
25.062099   121.654472  0  1499948051 
