25.062548   121.650902   1499380774 
25.062548   121.650902   1499380782 
25.062447   121.652016   1499383933 
25.063747   121.656464   1499383984 
25.063147   121.656349   1499383989 
25.063091   121.656296   1499383997 
25.063465   121.656891   1499384005 
25.063908   121.657829   1499384013 
25.064413   121.658775   1499384021 
25.064810   121.659653   1499384029 
25.065332   121.660751   1499384037 
25.065624   121.661560   1499384045 
25.065933   121.662354   1499384053 
25.066259   121.663239   1499384061 
25.066624   121.664162   1499384069 
25.066982   121.665176   1499384077 
25.067232   121.666168   1499384085 
25.067413   121.667198   1499384093 
25.067425   121.667664   1499384101 
25.067408   121.667755   1499384109 
25.067400   121.668320   1499384117 
25.067343   121.669250   1499384125 
25.067089   121.670273   1499384133 
25.066677   121.671249   1499384141 
25.066198   121.672180   1499384149 
25.065748   121.673264   1499384157 
25.065653   121.674355   1499384165 
25.065805   121.675117   1499384173 
25.066114   121.675865   1499384181 
25.066738   121.676765   1499384189 
25.067354   121.677666   1499384197 
25.067911   121.678795   1499384205 
25.068308   121.680008   1499384213 
25.068460   121.680962   1499384221 
25.068550   121.681938   1499384229 
25.068638   121.683052   1499384237 
25.068779   121.684174   1499384245 
25.069014   121.685181   1499384253 
25.069429   121.686234   1499384261 
25.070133   121.687294   1499384269 
25.070910   121.688240   1499384277 
25.071827   121.689056   1499384285 
25.072853   121.689713   1499384293 
25.073870   121.690300   1499384301 
25.074738   121.690887   1499384309 
25.075619   121.691498   1499384317 
25.076328   121.692001   1499384325 
25.077192   121.692612   1499384333 
25.078178   121.693336   1499384341 
25.078972   121.694237   1499384349 
25.079462   121.695396   1499384357 
25.079773   121.696457   1499384365 
25.080080   121.697388   1499384373 
25.080200   121.697838   1499384381 
25.080206   121.697906   1499384389 
25.080208   121.697906   1499384397 
25.080206   121.697906   1499384405 
25.080206   121.697906   1499384413 
25.080280   121.698128   1499384421 
25.080488   121.698837   1499384429 
25.080742   121.699707   1499384437 
25.080772   121.700752   1499384445 
