25.064081   121.650169   1499473752 
25.064081   121.650169   1499473760 
25.064713   121.650169   1499473794 
25.064713   121.650169   1499473799 
25.062891   121.654465   1499475632 
25.063168   121.654243   1499475637 
25.063105   121.654343   1499475642 
25.063105   121.654343   1499475647 
25.063105   121.654343   1499475655 
25.063105   121.654343   1499475657 
25.063105   121.654343   1499475662 
25.063200   121.654335   1499475667 
25.063246   121.654312   1499475672 
25.063246   121.654312   1499475677 
25.063246   121.654312   1499475682 
25.063246   121.654312   1499475687 
25.063198   121.654335   1499475692 
25.063070   121.654312   1499475697 
25.062899   121.653885   1499475702 
25.063032   121.653717   1499475707 
25.063292   121.653664   1499475712 
25.063681   121.653488   1499475717 
25.063929   121.653351   1499475722 
25.064068   121.653191   1499475727 
25.064169   121.653107   1499475732 
25.064182   121.653099   1499475737 
25.064281   121.653023   1499475742 
25.064497   121.652840   1499475747 
25.064674   121.652962   1499475752 
25.064981   121.653328   1499475757 
25.065346   121.653709   1499475762 
25.065664   121.654083   1499475767 
25.066021   121.654465   1499475772 
25.066355   121.654900   1499475777 
25.066647   121.655411   1499475782 
25.066872   121.655937   1499475787 
25.067039   121.656464   1499475792 
25.067127   121.656807   1499475797 
25.067547   121.656761   1499475802 
25.067905   121.656464   1499475807 
25.068291   121.656158   1499475812 
25.068687   121.655846   1499475817 
25.069141   121.655533   1499475822 
25.069653   121.655190   1499475827 
25.070227   121.654839   1499475832 
25.070814   121.654518   1499475837 
25.071436   121.654190   1499475842 
25.072094   121.653931   1499475847 
25.072750   121.653831   1499475852 
25.073343   121.654099   1499475857 
25.073795   121.654587   1499475862 
25.074148   121.655251   1499475867 
25.074423   121.655975   1499475872 
25.074707   121.656631   1499475877 
25.074928   121.657181   1499475882 
25.075151   121.657600   1499475887 
25.075323   121.657951   1499475892 
25.075417   121.658195   1499475897 
25.075520   121.658424   1499475902 
25.075630   121.658646   1499475907 
25.075712   121.658813   1499475912 
25.075808   121.659004   1499475917 
25.075903   121.659210   1499475922 
25.076012   121.659462   1499475927 
25.076145   121.659714   1499475932 
25.076265   121.660004   1499475937 
25.076368   121.660141   1499475942 
25.076445   121.660255   1499475947 
25.076540   121.660416   1499475952 
25.076633   121.660576   1499475957 
25.076704   121.660675   1499475962 
25.076799   121.660797   1499475967 
25.076923   121.660995   1499475972 
25.077087   121.661247   1499475977 
25.077248   121.661499   1499475982 
25.077391   121.661720   1499475987 
25.077526   121.661942   1499475992 
25.077635   121.662132   1499475997 
25.077797   121.662376   1499476002 
25.077965   121.662636   1499476007 
25.078171   121.662926   1499476012 
25.078371   121.663223   1499476017 
25.078579   121.663536   1499476022 
25.078802   121.663940   1499476027 
25.079096   121.664398   1499476032 
25.079388   121.664902   1499476037 
25.079653   121.665352   1499476042 
25.079941   121.665802   1499476047 
25.080219   121.666252   1499476052 
25.080481   121.666656   1499476057 
25.080736   121.667046   1499476062 
25.080992   121.667412   1499476067 
25.081240   121.667831   1499476072 
25.081472   121.668221   1499476077 
25.081694   121.668610   1499476082 
25.081930   121.668976   1499476087 
25.082209   121.669434   1499476092 
25.082521   121.669930   1499476097 
25.082872   121.670509   1499476102 
25.083254   121.671173   1499476107 
25.083666   121.671898   1499476112 
25.084074   121.672684   1499476117 
25.084457   121.673531   1499476122 
25.084805   121.674438   1499476127 
25.085119   121.675385   1499476132 
25.085373   121.676315   1499476137 
25.085554   121.677246   1499476142 
25.085674   121.678162   1499476147 
25.085752   121.679070   1499476152 
25.085783   121.679993   1499476157 
25.085789   121.680840   1499476162 
25.085814   121.681763   1499476167 
25.085873   121.682755   1499476172 
25.085993   121.683723   1499476177 
25.086142   121.684586   1499476182 
25.086309   121.685524   1499476187 
25.086498   121.686493   1499476192 
25.086725   121.687485   1499476197 
25.086943   121.688477   1499476202 
25.087145   121.689461   1499476207 
25.087330   121.690445   1499476212 
25.087555   121.691444   1499476217 
25.087778   121.692520   1499476222 
25.088062   121.693550   1499476227 
25.088518   121.694420   1499476232 
25.089212   121.695137   1499476237 
25.090025   121.695641   1499476242 
25.090897   121.695999   1499476247 
25.091797   121.696320   1499476252 
25.092772   121.696663   1499476257 
25.093742   121.697044   1499476262 
25.094671   121.697403   1499476267 
25.095592   121.697823   1499476272 
25.096371   121.698372   1499476277 
25.096951   121.699097   1499476282 
25.097324   121.699944   1499476287 
25.097507   121.700859   1499476292 
25.097506   121.701843   1499476297 
25.097382   121.702888   1499476302 
25.097296   121.703949   1499476307 
25.097427   121.705017   1499476312 
25.097797   121.706017   1499476317 
25.098404   121.706894   1499476322 
25.099089   121.707710   1499476327 
25.099800   121.708519   1499476332 
25.100424   121.709412   1499476337 
25.100927   121.710426   1499476342 
25.101328   121.711494   1499476347 
25.101601   121.712608   1499476352 
25.101847   121.713722   1499476357 
25.102076   121.714767   1499476362 
25.102299   121.715805   1499476367 
25.102501   121.716789   1499476372 
25.102699   121.717751   1499476377 
25.102886   121.718704   1499476382 
25.103094   121.719612   1499476387 
25.103294   121.720535   1499476392 
25.103542   121.721489   1499476397 
25.103857   121.722435   1499476402 
25.104380   121.723267   1499476407 
25.104881   121.723991   1499476412 
25.105078   121.724884   1499476417 
25.104982   121.725784   1499476422 
25.104845   121.726730   1499476427 
25.104721   121.727722   1499476432 
25.104673   121.728676   1499476437 
25.104973   121.729416   1499476442 
25.105490   121.730019   1499476447 
25.105927   121.730667   1499476452 
25.106018   121.731392   1499476457 
25.105803   121.732071   1499476462 
25.105398   121.732750   1499476467 
25.105080   121.733215   1499476472 
25.104956   121.733421   1499476477 
25.104923   121.733505   1499476482 
25.104876   121.733673   1499476487 
25.104761   121.734070   1499476492 
25.104738   121.734253   1499476497 
25.104736   121.734268   1499476502 
25.104736   121.734268   1499476507 
25.104736   121.734268   1499476512 
25.104729   121.734306   1499476517 
25.104689   121.734436   1499476522 
25.104605   121.734787   1499476527 
25.104464   121.735023   1499476532 
25.104259   121.735138   1499476537 
25.104092   121.735229   1499476542 
25.103958   121.735298   1499476547 
25.103893   121.735329   1499476552 
25.103855   121.735344   1499476557 
25.103788   121.735382   1499476562 
25.103725   121.735413   1499476567 
25.103647   121.735458   1499476572 
25.103502   121.735527   1499476577 
25.103355   121.735573   1499476582 
25.103167   121.735664   1499476587 
25.102961   121.735779   1499476592 
25.102942   121.735794   1499476597 
25.102942   121.735794   1499476602 
25.102942   121.735794   1499476607 
25.102942   121.735794   1499476612 
25.102942   121.735794   1499476617 
25.102942   121.735794   1499476622 
25.102907   121.735825   1499476627 
25.102818   121.735878   1499476632 
25.102715   121.735916   1499476637 
25.102636   121.735931   1499476642 
25.102421   121.735954   1499476647 
25.102247   121.735954   1499476652 
25.102188   121.735947   1499476657 
25.102137   121.735954   1499476662 
25.102137   121.735954   1499476667 
25.102125   121.735954   1499476672 
25.102058   121.735947   1499476677 
25.102057   121.735954   1499476682 
25.102039   121.735947   1499476687 
25.101908   121.735931   1499476692 
25.101582   121.735916   1499476697 
25.101217   121.735924   1499476702 
25.101017   121.735916   1499476707 
25.100801   121.735924   1499476712 
25.100655   121.735939   1499476717 
25.100613   121.735947   1499476722 
25.100576   121.735977   1499476727 
25.100592   121.735977   1499476732 
25.100554   121.735970   1499476737 
25.100548   121.735977   1499476742 
25.100452   121.736008   1499476747 
25.100300   121.736084   1499476752 
25.099995   121.736229   1499476757 
25.099749   121.736206   1499476762 
25.099508   121.735970   1499476767 
25.099327   121.735786   1499476772 
25.099277   121.735741   1499476777 
25.099279   121.735741   1499476782 
25.099232   121.735695   1499476787 
25.099110   121.735573   1499476792 
25.099033   121.735504   1499476797 
25.099018   121.735466   1499476802 
25.099302   121.735237   1499476807 
25.099548   121.735039   1499476812 
25.099546   121.735039   1499476817 
25.099546   121.735039   1499476822 
25.099512   121.735062   1499476827 
25.099508   121.735069   1499476832 
25.099504   121.735069   1499476837 
25.099522   121.735054   1499476842 
25.099705   121.735191   1499476847 
25.099798   121.735283   1499476852 
25.099892   121.735374   1499476857 
25.099977   121.735451   1499476862 
25.100058   121.735527   1499476867 
25.098148   121.739731   1499481369 
25.098879   121.734444   1499481374 
25.098730   121.734192   1499481378 
25.098621   121.734131   1499481384 
25.098377   121.734146   1499481389 
25.098127   121.734070   1499481393 
25.097910   121.734077   1499481399 
25.097799   121.734161   1499481404 
25.097643   121.734482   1499481408 
25.097567   121.734642   1499481413 
25.097567   121.734642   1499481418 
25.097778   121.734718   1499481423 
25.098219   121.734871   1499481429 
25.098530   121.735039   1499481434 
25.098869   121.735336   1499481438 
25.099117   121.735580   1499481443 
25.099342   121.735802   1499481449 
25.099514   121.735977   1499481454 
25.099533   121.735992   1499481458 
25.099546   121.736008   1499481464 
25.099583   121.736038   1499481469 
25.099691   121.736145   1499481473 
25.099796   121.736252   1499481478 
25.099863   121.736320   1499481483 
25.100271   121.736168   1499481489 
25.100492   121.736076   1499481494 
25.100851   121.736015   1499481499 
25.101414   121.736000   1499481503 
25.102011   121.736000   1499481509 
25.102589   121.735970   1499481514 
25.102999   121.735832   1499481519 
25.103409   121.735664   1499481524 
25.103659   121.735550   1499481529 
25.104021   121.735374   1499481534 
25.104139   121.735321   1499481538 
25.104141   121.735321   1499481544 
25.104141   121.735313   1499481549 
25.104206   121.735275   1499481554 
25.104500   121.735138   1499481559 
25.104740   121.734970   1499481563 
25.104973   121.734367   1499481569 
25.105103   121.733635   1499481574 
25.105314   121.732986   1499481578 
25.105652   121.732445   1499481583 
25.105934   121.731926   1499481588 
25.106039   121.731300   1499481594 
25.105930   121.730698   1499481599 
25.105595   121.730179   1499481604 
25.105129   121.729607   1499481608 
25.104761   121.728943   1499481613 
25.104696   121.728210   1499481618 
25.104801   121.727379   1499481624 
25.104933   121.726517   1499481629 
25.105066   121.725670   1499481634 
25.105175   121.724876   1499481639 
25.105209   121.723991   1499481644 
25.104980   121.723320   1499481648 
25.104601   121.722778   1499481654 
25.104172   121.722206   1499481658 
25.103807   121.721436   1499481664 
25.103508   121.720612   1499481668 
25.103296   121.719681   1499481674 
25.103075   121.718719   1499481679 
25.102859   121.717735   1499481684 
25.102634   121.716690   1499481688 
25.102409   121.715622   1499481694 
25.102171   121.714539   1499481698 
25.101913   121.713463   1499481703 
25.101685   121.712425   1499481709 
25.101444   121.711372   1499481714 
25.101053   121.710350   1499481719 
25.100538   121.709343   1499481724 
25.099916   121.708466   1499481729 
25.099195   121.707664   1499481734 
25.098459   121.706795   1499481739 
25.097832   121.705795   1499481743 
25.097464   121.704720   1499481749 
25.097395   121.703560   1499481754 
25.097555   121.702393   1499481759 
25.097670   121.701225   1499481763 
25.097544   121.700134   1499481768 
25.097157   121.699127   1499481774 
25.096525   121.698273   1499481779 
25.095692   121.697632   1499481784 
25.094746   121.697182   1499481789 
25.093735   121.696815   1499481794 
25.092756   121.696472   1499481799 
25.091808   121.696121   1499481804 
25.090885   121.695786   1499481809 
25.089983   121.695427   1499481814 
25.089182   121.694885   1499481819 
25.088537   121.694069   1499481824 
25.088108   121.693085   1499481829 
25.087831   121.691963   1499481834 
25.087587   121.690834   1499481838 
25.087353   121.689781   1499481844 
25.087128   121.688690   1499481849 
25.086878   121.687614   1499481854 
25.086626   121.686455   1499481859 
25.086384   121.685303   1499481863 
25.086170   121.684105   1499481868 
25.086006   121.682877   1499481874 
25.085941   121.681656   1499481879 
25.085930   121.680496   1499481884 
25.085909   121.679352   1499481888 
25.085833   121.678185   1499481894 
25.085678   121.677071   1499481899 
25.085447   121.676018   1499481904 
25.085138   121.674950   1499481908 
25.084747   121.673904   1499481913 
25.084301   121.672867   1499481918 
25.083782   121.671822   1499481924 
25.083178   121.670769   1499481929 
25.082554   121.669708   1499481934 
25.081907   121.668694   1499481939 
25.081280   121.667679   1499481944 
25.080677   121.666733   1499481949 
25.080065   121.665771   1499481953 
25.079464   121.664787   1499481958 
25.078878   121.663872   1499481964 
25.078285   121.662933   1499481968 
25.077675   121.661919   1499481973 
25.077053   121.660889   1499481978 
25.076506   121.659889   1499481983 
25.076036   121.658981   1499481989 
25.075638   121.658058   1499481994 
25.075306   121.657166   1499481999 
25.075245   121.656372   1499482004 
25.075548   121.655647   1499482009 
25.075520   121.655037   1499482014 
25.075001   121.654526   1499482019 
25.074326   121.654167   1499482023 
25.073553   121.653854   1499482029 
25.072803   121.653732   1499482034 
25.072090   121.653831   1499482039 
25.071571   121.654030   1499482044 
25.071381   121.654137   1499482049 
25.071150   121.654259   1499482053 
25.071115   121.654289   1499482059 
25.071115   121.654289   1499482064 
25.071115   121.654289   1499482068 
25.071115   121.654289   1499482074 
25.071115   121.654289   1499482079 
25.071045   121.654320   1499482084 
25.070948   121.654366   1499482089 
25.070911   121.654404   1499482093 
25.070911   121.654404   1499482098 
25.070911   121.654404   1499482104 
25.070911   121.654404   1499482109 
25.070911   121.654404   1499482114 
25.070911   121.654404   1499482118 
25.070911   121.654404   1499482124 
25.070896   121.654404   1499482128 
25.070808   121.654457   1499482133 
25.070766   121.654488   1499482138 
25.070766   121.654488   1499482143 
25.070766   121.654488   1499482148 
25.070759   121.654472   1499482153 
25.070683   121.654510   1499482158 
25.070513   121.654617   1499482163 
25.070282   121.654747   1499482168 
25.070040   121.654900   1499482173 
25.069830   121.655014   1499482179 
25.069698   121.655090   1499482183 
25.069651   121.655136   1499482188 
25.069632   121.655151   1499482193 
25.069651   121.655136   1499482198 
25.069649   121.655136   1499482203 
25.069649   121.655136   1499482208 
25.069649   121.655136   1499482213 
25.069572   121.655182   1499482219 
25.069336   121.655327   1499482223 
25.069090   121.655495   1499482229 
25.068930   121.655617   1499482233 
25.068907   121.655632   1499482238 
25.068903   121.655632   1499482243 
25.068903   121.655632   1499482248 
25.068905   121.655632   1499482253 
25.068903   121.655632   1499482258 
25.068905   121.655632   1499482263 
25.068905   121.655632   1499482269 
25.068905   121.655632   1499482273 
25.068836   121.655693   1499482278 
25.068657   121.655815   1499482283 
25.068426   121.655983   1499482288 
25.068134   121.656204   1499482294 
25.067810   121.656433   1499482298 
25.067526   121.656647   1499482303 
25.067402   121.656754   1499482309 
25.067345   121.656784   1499482313 
25.067291   121.656784   1499482318 
25.067272   121.656769   1499482323 
25.067194   121.656647   1499482328 
25.067097   121.656334   1499482333 
25.066940   121.655830   1499482339 
25.066679   121.655289   1499482343 
25.066351   121.654770   1499482348 
25.066019   121.654358   1499482353 
25.065845   121.654190   1499482358 
25.065514   121.653816   1499482363 
25.065363   121.653641   1499482368 
25.065331   121.653595   1499482373 
25.065228   121.653481   1499482378 
25.065090   121.653313   1499482383 
25.064968   121.653168   1499482388 
25.064873   121.653053   1499482393 
25.064798   121.652969   1499482398 
25.064716   121.652885   1499482403 
25.064518   121.652824   1499482408 
25.064327   121.652985   1499482413 
25.064156   121.653122   1499482418 
25.064014   121.653259   1499482423 
25.063759   121.653450   1499482428 
25.063490   121.653572   1499482433 
25.063297   121.653664   1499482438 
25.063297   121.653664   1499482443 
25.063078   121.653755   1499482448 
25.063028   121.653778   1499482453 
25.063005   121.653786   1499482458 
25.063005   121.653786   1499482463 
25.062954   121.653809   1499482468 
25.062920   121.653824   1499482473 
25.062868   121.654015   1499482478 
25.062943   121.654205   1499482483 
25.063234   121.654327   1499482488 
25.063478   121.654213   1499482493 
25.063602   121.654175   1499482498 
25.063608   121.653984   1499482503 
25.063572   121.653862   1499482508 
25.065130   121.654869   1499488731 
25.063370   121.654266   1499488736 
25.063398   121.654350   1499488741 
25.063231   121.654373   1499488746 
25.063053   121.654366   1499488751 
25.063049   121.654335   1499488756 
25.062937   121.653969   1499488761 
25.062727   121.653702   1499488766 
25.062458   121.653641   1499488771 
25.062317   121.653694   1499488776 
25.062363   121.653671   1499488781 
25.062222   121.653450   1499488786 
25.062094   121.653030   1499488791 
25.061964   121.652725   1499488796 
25.061947   121.652664   1499488801 
25.061937   121.652634   1499488806 
25.061930   121.652603   1499488811 
25.061811   121.652290   1499488816 
25.061678   121.651794   1499488821 
25.061529   121.651146   1499488826 
25.061455   121.650421   1499488831 
25.061399   121.649727   1499488836 
25.061335   121.648979   1499488841 
25.061216   121.648201   1499488846 
25.061119   121.647514   1499488851 
25.060978   121.646774   1499488856 
25.060762   121.646057   1499488861 
25.060434   121.645348   1499488866 
25.060108   121.644745   1499488871 
25.059853   121.644119   1499488876 
25.059752   121.643372   1499488881 
25.059855   121.642540   1499488886 
25.059862   121.641716   1499488891 
25.059576   121.640907   1499488896 
25.059109   121.640228   1499488901 
25.058537   121.639610   1499488906 
25.057926   121.639130   1499488911 
25.057270   121.638748   1499488916 
25.056589   121.638390   1499488921 
25.055986   121.637917   1499488926 
25.055460   121.637253   1499488931 
25.054932   121.636429   1499488936 
25.054443   121.635437   1499488941 
25.053995   121.634369   1499488946 
25.053598   121.633324   1499488951 
25.053226   121.632301   1499488956 
25.052776   121.631355   1499488961 
25.052301   121.630447   1499488966 
25.051756   121.629585   1499488971 
25.051096   121.628731   1499488976 
25.050339   121.627907   1499488981 
25.049522   121.627174   1499488986 
25.048809   121.626678   1499488991 
25.048040   121.626221   1499488996 
25.047256   121.625839   1499489001 
25.046505   121.625534   1499489006 
25.045725   121.625305   1499489011 
25.044819   121.625107   1499489016 
25.043886   121.624908   1499489021 
25.042912   121.624718   1499489026 
25.041906   121.624512   1499489031 
25.040924   121.624214   1499489036 
25.040039   121.623894   1499489041 
25.039246   121.623505   1499489046 
25.038477   121.623062   1499489051 
25.037729   121.622543   1499489056 
25.037035   121.621948   1499489061 
25.036369   121.621262   1499489066 
25.035742   121.620537   1499489071 
25.035135   121.619690   1499489076 
25.034534   121.618744   1499489081 
25.034002   121.617821   1499489086 
25.033470   121.616882   1499489091 
25.032925   121.615952   1499489096 
25.032375   121.615021   1499489101 
25.031820   121.614098   1499489106 
25.031250   121.613129   1499489111 
25.030680   121.612160   1499489116 
25.030102   121.611145   1499489121 
25.029530   121.610153   1499489126 
25.028946   121.609138   1499489131 
25.028332   121.608131   1499489136 
25.027727   121.607101   1499489141 
25.027174   121.606148   1499489146 
25.026596   121.605232   1499489151 
25.026018   121.604401   1499489156 
25.025488   121.603714   1499489161 
25.024958   121.603073   1499489166 
25.024361   121.602409   1499489171 
25.023743   121.601799   1499489176 
25.023743   121.601799   1499489181 
25.022800   121.600906   1499489186 
25.022800   121.600906   1499489191 
25.022800   121.600906   1499489196 
25.022800   121.600906   1499489201 
25.022800   121.600906   1499489206 
25.017096   121.597984   1499489211 
25.017096   121.597984   1499489216 
25.008926   121.596588   1499489221 
25.008926   121.596588   1499489226 
25.008926   121.596588   1499489231 
25.008926   121.596588   1499489236 
25.008926   121.596588   1499489241 
25.008926   121.596588   1499489246 
25.008926   121.596588   1499489251 
25.008926   121.596588   1499489256 
25.008585   121.596291   1499489261 
25.007750   121.596138   1499489266 
25.006983   121.595909   1499489271 
25.006248   121.595718   1499489276 
25.005503   121.595535   1499489281 
25.004753   121.595345   1499489286 
25.004101   121.595154   1499489291 
25.003534   121.594894   1499489296 
25.002975   121.594490   1499489301 
25.002493   121.593864   1499489306 
25.002331   121.593094   1499489311 
25.002424   121.592270   1499489316 
25.002594   121.591393   1499489321 
25.002823   121.590446   1499489326 
25.003098   121.589386   1499489331 
25.003410   121.588264   1499489336 
25.003721   121.587135   1499489341 
25.003998   121.585938   1499489346 
25.004208   121.584846   1499489351 
25.004328   121.583946   1499489356 
25.004450   121.583130   1499489361 
25.004547   121.582397   1499489366 
25.004892   121.581841   1499489371 
25.005430   121.581528   1499489376 
25.006100   121.581406   1499489381 
25.006767   121.581451   1499489386 
25.007391   121.581520   1499489391 
25.007956   121.581581   1499489396 
25.008608   121.581635   1499489401 
25.009354   121.581642   1499489406 
25.009354   121.581642   1499489411 
25.010403   121.581696   1499489416 
25.010403   121.581696   1499489421 
25.010403   121.581696   1499489426 
25.010403   121.581696   1499489431 
25.010403   121.581696   1499489436 
25.010403   121.581696   1499489441 
25.010403   121.581696   1499489446 
25.023205   121.577354   1499489451 
25.023205   121.577354   1499489456 
25.023205   121.577354   1499489461 
25.023205   121.577354   1499489466 
25.023205   121.577354   1499489471 
25.023205   121.577354   1499489476 
25.023205   121.577354   1499489481 
25.023205   121.577354   1499489486 
25.023205   121.577354   1499489491 
25.021566   121.577713   1499489496 
25.022118   121.577423   1499489501 
25.022753   121.577026   1499489506 
25.023355   121.576637   1499489511 
25.023943   121.576241   1499489516 
25.024059   121.576164   1499489521 
25.024952   121.575562   1499489526 
25.024952   121.575562   1499489531 
25.024952   121.575562   1499489536 
25.024952   121.575562   1499489541 
25.024952   121.575562   1499489546 
25.024952   121.575562   1499489551 
25.024952   121.575562   1499489556 
25.024952   121.575562   1499489561 
25.024952   121.575562   1499489566 
25.024952   121.575562   1499489571 
25.024952   121.575562   1499489576 
25.024952   121.575562   1499489581 
25.031811   121.571854   1499489586 
25.032324   121.571793   1499489591 
25.032730   121.571510   1499489596 
25.032848   121.571030   1499489601 
25.032871   121.570442   1499489606 
25.032894   121.569954   1499489611 
25.032907   121.569534   1499489616 
25.032902   121.569168   1499489621 
25.032921   121.568878   1499489626 
25.032936   121.568542   1499489631 
25.032936   121.568420   1499489636 
25.033104   121.568390   1499489641 
25.033197   121.568420   1499489646 
25.033253   121.568428   1499489651 
25.033354   121.568428   1499489656 
25.033426   121.568428   1499489661 
25.033459   121.568443   1499489666 
25.033443   121.568443   1499489671 
25.033422   121.568443   1499489676 
25.033417   121.568565   1499489681 
25.033417   121.568565   1499489686 
25.033398   121.568680   1499489691 
25.033371   121.568825   1499489696 
25.033365   121.568939   1499489701 
25.033350   121.569046   1499489706 
25.033358   121.569107   1499489711 
25.033350   121.569145   1499489716 
25.033340   121.569176   1499489721 
25.033369   121.569168   1499489726 
25.033405   121.569145   1499489731 
25.033430   121.569061   1499489736 
25.033428   121.569054   1499489741 
25.033426   121.569046   1499489746 
25.033424   121.569038   1499489751 
25.033436   121.569023   1499489756 
25.033438   121.569069   1499489761 
25.033489   121.569054   1499489766 
25.033516   121.568993   1499489771 
25.033522   121.569008   1499489776 
25.033522   121.569008   1499489781 
25.033520   121.568993   1499489786 
25.033522   121.568993   1499489791 
25.033497   121.568985   1499489796 
25.033464   121.568977   1499489801 
25.033442   121.568939   1499489806 
25.033443   121.568909   1499489811 
25.033522   121.568939   1499489816 
25.030575   121.564583   1499495430 
25.033386   121.568558   1499495435 
25.033615   121.568207   1499495440 
25.033924   121.568230   1499495445 
25.034254   121.568375   1499495450 
25.034500   121.568382   1499495455 
25.034529   121.568382   1499495460 
25.034529   121.568382   1499495465 
25.034531   121.568382   1499495470 
25.034542   121.568382   1499495475 
25.034538   121.568382   1499495480 
25.034529   121.568382   1499495485 
25.034595   121.568382   1499495490 
25.034611   121.568390   1499495495 
25.034763   121.568390   1499495500 
25.035063   121.568398   1499495505 
25.035378   121.568398   1499495510 
25.035460   121.568398   1499495515 
25.035461   121.568398   1499495520 
25.035460   121.568398   1499495525 
25.035461   121.568398   1499495530 
25.035460   121.568398   1499495535 
25.035461   121.568398   1499495540 
25.035460   121.568398   1499495545 
25.035460   121.568398   1499495550 
25.035460   121.568398   1499495555 
25.035484   121.568398   1499495560 
25.035486   121.568398   1499495565 
25.035480   121.568398   1499495570 
25.035479   121.568398   1499495575 
25.035479   121.568398   1499495580 
25.035521   121.568398   1499495585 
25.035627   121.568405   1499495590 
25.035673   121.568405   1499495595 
25.035736   121.568413   1499495600 
25.035822   121.568298   1499495605 
25.035383   121.568291   1499495610 
25.034855   121.568275   1499495615 
25.034361   121.568268   1499495620 
25.033993   121.568253   1499495625 
25.033655   121.568245   1499495630 
25.033504   121.568245   1499495635 
25.033390   121.568237   1499495640 
25.033333   121.568237   1499495645 
25.033344   121.568237   1499495650 
25.033344   121.568237   1499495655 
25.033346   121.568237   1499495660 
25.033346   121.568237   1499495665 
25.033346   121.568237   1499495670 
25.033302   121.568237   1499495675 
25.033300   121.568237   1499495680 
25.033300   121.568237   1499495685 
25.033300   121.568237   1499495690 
25.033300   121.568237   1499495695 
25.033302   121.568237   1499495700 
25.033302   121.568237   1499495705 
25.033302   121.568237   1499495710 
25.033298   121.568237   1499495715 
25.033302   121.568237   1499495720 
25.033300   121.568237   1499495725 
25.033300   121.568237   1499495730 
25.033302   121.568237   1499495735 
25.033302   121.568237   1499495740 
25.033302   121.568237   1499495745 
25.033194   121.568283   1499495750 
25.033140   121.568275   1499495755 
25.033133   121.568275   1499495760 
25.033102   121.568275   1499495765 
25.032911   121.568275   1499495770 
25.032776   121.568748   1499495775 
25.032787   121.569405   1499495780 
25.032759   121.570190   1499495785 
25.032732   121.570969   1499495790 
25.032549   121.571487   1499495795 
25.032091   121.571617   1499495800 
25.031576   121.571587   1499495805 
25.031038   121.571594   1499495810 
25.030426   121.571739   1499495815 
25.029812   121.572052   1499495820 
25.029293   121.572388   1499495825 
25.028811   121.572670   1499495830 
25.028545   121.572830   1499495835 
25.028545   121.572830   1499495840 
25.027836   121.573395   1499495845 
25.027836   121.573395   1499495850 
25.027836   121.573395   1499495855 
25.027836   121.573395   1499495860 
25.027836   121.573395   1499495865 
25.025829   121.574883   1499495870 
25.025829   121.574883   1499495875 
25.022757   121.576668   1499495880 
25.022058   121.577065   1499495885 
25.021397   121.577377   1499495890 
25.021147   121.577507   1499495895 
25.020212   121.578011   1499495900 
25.020212   121.578011   1499495905 
25.020212   121.578011   1499495910 
25.020212   121.578011   1499495915 
25.016630   121.578880   1499495920 
25.016630   121.578880   1499495925 
25.016630   121.578880   1499495930 
25.016630   121.578880   1499495935 
25.016630   121.578880   1499495940 
25.016630   121.578880   1499495945 
25.016630   121.578880   1499495950 
25.016630   121.578880   1499495955 
25.016630   121.578880   1499495960 
25.016630   121.578880   1499495965 
25.016630   121.578880   1499495970 
25.008793   121.581436   1499495975 
25.008041   121.581184   1499495980 
25.007378   121.581169   1499495985 
25.006924   121.580742   1499495990 
25.006845   121.579933   1499495995 
25.006847   121.579048   1499496000 
25.006775   121.578125   1499496005 
25.006735   121.577232   1499496010 
25.006826   121.576309   1499496015 
25.007029   121.575378   1499496020 
25.007307   121.574394   1499496025 
25.007559   121.573380   1499496030 
25.007605   121.573181   1499496035 
25.007954   121.571640   1499496040 
25.007954   121.571640   1499496045 
25.007954   121.571640   1499496050 
25.007954   121.571640   1499496055 
25.007954   121.571640   1499496060 
25.007954   121.571640   1499496065 
25.009588   121.565529   1499496070 
25.009932   121.564682   1499496075 
25.010424   121.563858   1499496080 
25.011068   121.563110   1499496085 
25.011763   121.562515   1499496090 
25.012455   121.561943   1499496095 
25.013111   121.561287   1499496100 
25.013620   121.560547   1499496105 
25.014023   121.559647   1499496110 
25.014231   121.558655   1499496115 
25.014257   121.557648   1499496120 
25.014212   121.556679   1499496125 
25.014198   121.556480   1499496130 
25.014114   121.555046   1499496135 
25.014244   121.553886   1499496140 
25.014467   121.553055   1499496145 
25.014814   121.552338   1499496150 
25.015217   121.551697   1499496155 
25.015553   121.551208   1499496160 
25.015839   121.550758   1499496165 
25.016085   121.550415   1499496170 
25.016262   121.550156   1499496175 
25.016382   121.549988   1499496180 
25.016439   121.549919   1499496185 
25.016439   121.549911   1499496190 
25.016436   121.549919   1499496195 
25.016439   121.549919   1499496200 
25.016445   121.549919   1499496205 
25.016445   121.549911   1499496210 
25.016502   121.549835   1499496215 
25.016533   121.549797   1499496220 
25.016533   121.549797   1499496225 
25.016531   121.549805   1499496230 
25.016533   121.549797   1499496235 
25.016531   121.549797   1499496240 
25.016533   121.549797   1499496245 
25.016579   121.549721   1499496250 
25.016769   121.549461   1499496255 
25.017075   121.549095   1499496260 
25.017509   121.548691   1499496265 
25.017925   121.548271   1499496270 
25.018248   121.547913   1499496275 
25.018501   121.547646   1499496280 
25.018778   121.547363   1499496285 
25.019033   121.547089   1499496290 
25.019293   121.546829   1499496295 
25.019352   121.546761   1499496300 
25.019339   121.546745   1499496305 
25.019283   121.546638   1499496310 
25.019125   121.546440   1499496315 
25.018930   121.546204   1499496320 
25.018644   121.545860   1499496325 
25.018274   121.545433   1499496330 
25.017855   121.544937   1499496335 
25.017429   121.544434   1499496340 
25.016991   121.543915   1499496345 
25.016560   121.543388   1499496350 
25.016148   121.542900   1499496355 
25.015774   121.542450   1499496360 
25.015373   121.541985   1499496365 
25.015001   121.541550   1499496370 
25.014706   121.541206   1499496375 
25.014502   121.540970   1499496380 
25.014400   121.540848   1499496385 
25.014404   121.540855   1499496390 
25.014399   121.540848   1499496395 
25.014357   121.540802   1499496400 
25.014267   121.540695   1499496405 
25.014109   121.540512   1499496410 
25.013865   121.540230   1499496415 
25.013559   121.539879   1499496420 
25.013229   121.539490   1499496425 
25.012938   121.539101   1499496430 
25.012671   121.538773   1499496435 
25.012411   121.538422   1499496440 
25.012169   121.538116   1499496445 
25.011965   121.537865   1499496450 
25.011770   121.537674   1499496455 
25.011614   121.537498   1499496460 
25.011511   121.537354   1499496465 
25.011505   121.537201   1499496470 
25.011850   121.536919   1499496475 
25.012165   121.536751   1499496480 
25.012476   121.536575   1499496485 
25.012747   121.536392   1499496490 
25.012884   121.536324   1499496495 
25.012884   121.536324   1499496500 
25.012882   121.536331   1499496505 
25.012903   121.536316   1499496510 
25.013071   121.536179   1499496515 
25.013405   121.535904   1499496520 
25.013731   121.535568   1499496525 
25.014032   121.535233   1499496530 
25.014421   121.534821   1499496535 
25.014771   121.534439   1499496540 
25.015120   121.534065   1499496545 
25.015539   121.533653   1499496550 
25.015909   121.533279   1499496555 
25.016211   121.532967   1499496560 
25.016481   121.532982   1499496565 
25.016750   121.533264   1499496570 
25.016897   121.533333   1499496575 
25.017309   121.533470   1499496580 
25.017612   121.533539   1499496585 
25.017962   121.533600   1499496590 
25.018278   121.533669   1499496595 
25.018600   121.533745   1499496600 
25.018852   121.533806   1499496605 
25.018929   121.533836   1499496610 
25.018930   121.533836   1499496615 
25.018927   121.533836   1499496620 
25.018929   121.533836   1499496625 
25.018929   121.533836   1499496630 
25.018930   121.533836   1499496635 
25.018936   121.533836   1499496640 
25.018934   121.533836   1499496645 
25.018934   121.533836   1499496650 
25.018934   121.533836   1499496655 
25.018955   121.533836   1499496660 
25.019152   121.533859   1499496665 
25.019436   121.533920   1499496670 
25.019760   121.533989   1499496675 
25.020142   121.534065   1499496680 
25.020594   121.534149   1499496685 
25.021042   121.534218   1499496690 
25.021477   121.534302   1499496695 
25.021832   121.534393   1499496700 
25.022226   121.534500   1499496705 
25.022274   121.534859   1499496710 
25.022285   121.535469   1499496715 
25.022276   121.536125   1499496720 
25.022272   121.536850   1499496725 
25.022127   121.537437   1499496730 
25.021864   121.537987   1499496735 
25.021538   121.538399   1499496740 
25.021280   121.538971   1499496745 
25.021166   121.539551   1499496750 
25.021166   121.540138   1499496755 
25.021154   121.540588   1499496760 
25.021147   121.540863   1499496765 
25.021143   121.540924   1499496770 
25.021145   121.540932   1499496775 
25.021137   121.541122   1499496780 
25.021114   121.541603   1499496785 
25.021078   121.542160   1499496790 
25.021055   121.542740   1499496795 
25.021049   121.543221   1499496800 
25.021013   121.543785   1499496805 
25.020891   121.544235   1499496810 
25.020741   121.544685   1499496815 
25.020519   121.545021   1499496820 
25.020241   121.545410   1499496825 
25.019728   121.545990   1499496830 
25.019091   121.546661   1499496835 
25.018440   121.547325   1499496840 
25.017866   121.547951   1499496845 
25.017323   121.548538   1499496850 
25.016870   121.549057   1499496855 
25.016479   121.549614   1499496860 
25.016050   121.550270   1499496865 
25.015619   121.550903   1499496870 
25.015203   121.551537   1499496875 
25.014765   121.552216   1499496880 
25.014387   121.552994   1499496885 
25.014091   121.553810   1499496890 
25.013924   121.554619   1499496895 
25.013872   121.555428   1499496900 
25.013897   121.556190   1499496905 
25.013920   121.556999   1499496910 
25.013952   121.558090   1499496915 
25.013945   121.559013   1499496920 
25.013744   121.559883   1499496925 
25.013380   121.560699   1499496930 
25.012873   121.561401   1499496935 
25.012245   121.561996   1499496940 
25.011517   121.562592   1499496945 
25.010815   121.563194   1499496950 
25.010176   121.563927   1499496955 
25.009651   121.564735   1499496960 
25.009262   121.565613   1499496965 
25.009012   121.566505   1499496970 
25.008846   121.567368   1499496975 
25.008669   121.568108   1499496980 
25.008503   121.568764   1499496985 
25.008358   121.569344   1499496990 
25.008301   121.569565   1499496995 
25.008244   121.570465   1499497000 
25.008244   121.570465   1499497005 
25.007612   121.572830   1499497010 
25.006851   121.574905   1499497015 
25.006584   121.575851   1499497020 
25.006229   121.576752   1499497025 
25.005659   121.577606   1499497030 
25.005051   121.578461   1499497035 
25.004618   121.579361   1499497040 
25.004370   121.580322   1499497045 
25.004250   121.581291   1499497050 
25.004213   121.582314   1499497055 
25.004168   121.583344   1499497060 
25.004089   121.584351   1499497065 
25.003981   121.585289   1499497070 
25.003807   121.586235   1499497075 
25.003597   121.587128   1499497080 
25.003363   121.588020   1499497085 
25.003105   121.588951   1499497090 
25.002913   121.589691   1499497095 
25.002764   121.590286   1499497100 
25.002630   121.590836   1499497105 
25.002514   121.591331   1499497110 
25.002386   121.591942   1499497115 
25.002268   121.592552   1499497120 
25.002165   121.593178   1499497125 
25.002047   121.593849   1499497130 
25.001972   121.594383   1499497135 
25.001942   121.594681   1499497140 
25.001930   121.594841   1499497145 
25.001915   121.594894   1499497150 
25.001911   121.594994   1499497155 
25.001898   121.595108   1499497160 
25.001886   121.595230   1499497165 
25.001867   121.595444   1499497170 
25.001846   121.595787   1499497175 
25.001831   121.596092   1499497180 
25.001820   121.596344   1499497185 
25.001822   121.596504   1499497190 
25.001822   121.596611   1499497195 
25.001823   121.596634   1499497200 
25.001823   121.596634   1499497205 
25.001823   121.596626   1499497210 
25.001823   121.596626   1499497215 
25.001823   121.596634   1499497220 
25.001823   121.596634   1499497225 
25.001823   121.596626   1499497230 
25.001823   121.596634   1499497235 
25.001823   121.596626   1499497240 
25.001823   121.596626   1499497245 
25.001823   121.596626   1499497250 
25.001823   121.596634   1499497255 
25.001818   121.596680   1499497260 
25.001810   121.596848   1499497265 
25.001808   121.597069   1499497270 
25.001802   121.597198   1499497275 
25.001917   121.597359   1499497280 
25.002182   121.597328   1499497285 
25.002560   121.597115   1499497290 
25.002892   121.596779   1499497295 
25.003246   121.596420   1499497300 
25.003679   121.596138   1499497305 
25.004244   121.595947   1499497310 
25.004972   121.595924   1499497315 
25.005859   121.596039   1499497320 
25.006922   121.596237   1499497325 
25.008047   121.596489   1499497330 
25.009090   121.596718   1499497335 
25.009706   121.596863   1499497340 
25.010183   121.596970   1499497345 
25.010616   121.597076   1499497350 
25.011021   121.597176   1499497355 
25.011448   121.597282   1499497360 
25.011536   121.597305   1499497365 
25.012102   121.597443   1499497370 
25.012102   121.597443   1499497375 
25.012102   121.597443   1499497380 
25.012102   121.597443   1499497385 
25.012102   121.597443   1499497390 
25.017073   121.599846   1499497395 
25.020613   121.601845   1499497400 
25.022505   121.602898   1499497405 
25.022505   121.602898   1499497410 
25.022505   121.602898   1499497415 
25.022505   121.602898   1499497420 
25.022505   121.602898   1499497425 
25.022505   121.602898   1499497430 
25.022505   121.602898   1499497435 
25.022505   121.602898   1499497440 
25.024326   121.602898   1499497445 
25.025087   121.603706   1499497450 
25.025822   121.604591   1499497455 
25.026571   121.605576   1499497460 
25.027302   121.606628   1499497465 
25.027998   121.607773   1499497470 
25.028627   121.608841   1499497475 
25.029238   121.609871   1499497480 
25.029802   121.610825   1499497485 
25.030331   121.611748   1499497490 
25.030909   121.612740   1499497495 
25.031490   121.613739   1499497500 
25.032108   121.614761   1499497505 
25.032736   121.615845   1499497510 
25.033392   121.616936   1499497515 
25.033894   121.617767   1499497520 
25.034626   121.618996   1499497525 
25.035261   121.619995   1499497530 
25.035967   121.620956   1499497535 
25.036797   121.621857   1499497540 
25.037683   121.622627   1499497545 
25.038614   121.623268   1499497550 
25.039560   121.623802   1499497555 
25.040564   121.624222   1499497560 
25.041573   121.624542   1499497565 
25.042627   121.624786   1499497570 
25.043741   121.625000   1499497575 
25.044842   121.625221   1499497580 
25.045870   121.625473   1499497584 
25.046894   121.625832   1499497590 
25.047819   121.626259   1499497594 
25.048586   121.626747   1499497600 
25.049427   121.627357   1499497605 
25.050280   121.628098   1499497610 
25.051046   121.628922   1499497615 
25.051714   121.629791   1499497620 
25.052282   121.630722   1499497625 
25.052723   121.631683   1499497630 
25.053082   121.632599   1499497635 
25.053432   121.633514   1499497639 
25.053759   121.634407   1499497645 
25.054115   121.635277   1499497649 
25.054501   121.636139   1499497655 
25.054880   121.636986   1499497660 
25.055185   121.637871   1499497665 
25.055342   121.638824   1499497670 
25.055489   121.639786   1499497675 
25.055820   121.640671   1499497679 
25.056347   121.641434   1499497685 
25.057081   121.641998   1499497690 
25.057892   121.642502   1499497695 
25.058605   121.643112   1499497699 
25.059193   121.643768   1499497705 
25.059689   121.644394   1499497710 
25.060120   121.645119   1499497715 
25.060484   121.645874   1499497720 
25.060764   121.646561   1499497725 
25.060926   121.647217   1499497730 
25.061016   121.647690   1499497735 
25.061060   121.647934   1499497740 
25.061062   121.648109   1499497745 
25.061062   121.648193   1499497750 
25.061052   121.648201   1499497755 
25.061054   121.648216   1499497760 
25.061060   121.648247   1499497765 
25.061066   121.648293   1499497770 
25.061071   121.648331   1499497775 
25.061075   121.648460   1499497780 
25.061108   121.648788   1499497785 
25.061142   121.649117   1499497790 
25.061195   121.649498   1499497795 
25.061255   121.649986   1499497800 
25.061331   121.650307   1499497805 
25.061342   121.650673   1499497809 
25.061373   121.651031   1499497815 
25.061434   121.651428   1499497820 
25.061535   121.651825   1499497825 
25.061626   121.652199   1499497830 
25.061836   121.652779   1499497834 
25.062029   121.653275   1499497840 
25.062101   121.653313   1499497845 
25.062109   121.653336   1499497850 
25.062147   121.653435   1499497855 
25.062243   121.653687   1499497860 
25.062489   121.653641   1499497865 
25.062719   121.653694   1499497869 
25.062855   121.653976   1499497875 
25.062956   121.654243   1499497879 
25.065287   121.650215   1499502033 
25.065287   121.650215   1499502038 
25.065287   121.650215   1499502043 
25.065287   121.650215   1499502080 
25.065287   121.650215   1499502084 
25.065287   121.650215   1499502089 
25.065287   121.650215   1499502118 
25.065287   121.650215   1499502123 
25.065287   121.650215   1499502128 
25.065287   121.650215   1499502133 
