25.063665   121.653320   1499259401 
25.063665   121.653320   1499259406 
25.062094   121.658607   1499296976 
25.062094   121.658607   1499296981 
25.062094   121.658607   1499296986 
25.062094   121.658607   1499296991 
25.062094   121.658607   1499296996 
25.062094   121.658607   1499297001 
25.062094   121.655807   1499297006 
25.062094   121.655807   1499297011 
25.062094   121.655807   1499297016 
25.062094   121.655807   1499297021 
25.062094   121.655807   1499297026 
25.062094   121.655807   1499297031 
25.062094   121.655807   1499297036 
25.062094   121.655807   1499297041 
25.062094   121.655807   1499297046 
25.062040   121.659500   1499297051 
25.063862   121.656685   1499297056 
25.063734   121.656822   1499297061 
25.063745   121.656853   1499297066 
25.063745   121.656853   1499297071 
25.063747   121.656906   1499297076 
25.063747   121.656906   1499297081 
25.063747   121.656906   1499297086 
25.063747   121.656906   1499297091 
25.063747   121.656906   1499297096 
25.063747   121.656906   1499297101 
25.063747   121.656906   1499297106 
25.063747   121.656906   1499297111 
25.063747   121.656906   1499297116 
25.063747   121.656906   1499297121 
25.063747   121.656906   1499297126 
25.063747   121.656906   1499297131 
25.063747   121.656906   1499297136 
25.063747   121.656906   1499297141 
25.063747   121.656906   1499297146 
25.063747   121.656906   1499297151 
25.063747   121.656906   1499297156 
25.063747   121.656906   1499297161 
25.063744   121.656937   1499297166 
25.063725   121.656960   1499297171 
25.063602   121.657043   1499297176 
25.063551   121.657211   1499297181 
25.063774   121.657555   1499297186 
25.063984   121.657982   1499297191 
25.064163   121.658279   1499297196 
25.064329   121.658569   1499297201 
25.064409   121.658730   1499297206 
25.064404   121.658760   1499297211 
25.064404   121.658760   1499297216 
25.064404   121.658760   1499297221 
25.064445   121.658875   1499297226 
25.064625   121.659294   1499297231 
25.064798   121.659592   1499297236 
25.064857   121.659691   1499297241 
25.064875   121.659706   1499297246 
25.064877   121.659706   1499297251 
25.064877   121.659706   1499297256 
25.064877   121.659706   1499297261 
25.064888   121.659698   1499297266 
25.064947   121.659866   1499297271 
25.065153   121.660339   1499297276 
25.065403   121.660912   1499297281 
25.065647   121.661484   1499297286 
25.065891   121.662109   1499297291 
25.066133   121.662720   1499297296 
25.066357   121.663376   1499297301 
25.066574   121.663986   1499297306 
25.066765   121.664543   1499297311 
25.067034   121.665398   1499297316 
25.067247   121.666229   1499297321 
25.067390   121.667038   1499297326 
25.067463   121.667847   1499297331 
25.067425   121.668579   1499297336 
25.067322   121.669312   1499297341 
25.067141   121.670006   1499297346 
25.066910   121.670662   1499297351 
25.066635   121.671295   1499297356 
25.066471   121.671623   1499297361 
25.066456   121.671631   1499297366 
25.066456   121.671631   1499297371 
25.066456   121.671631   1499297376 
25.066456   121.671631   1499297381 
25.066456   121.671631   1499297386 
25.066456   121.671631   1499297391 
25.066456   121.671631   1499297396 
25.066456   121.671631   1499297401 
25.066404   121.671738   1499297406 
25.066202   121.672150   1499297411 
25.065929   121.672760   1499297416 
25.065704   121.673447   1499297421 
25.065626   121.674156   1499297426 
25.065699   121.674843   1499297431 
25.065922   121.675507   1499297436 
25.066254   121.676071   1499297441 
25.066645   121.676620   1499297446 
25.067087   121.677238   1499297451 
25.067471   121.677864   1499297456 
25.067789   121.678520   1499297461 
25.068047   121.679199   1499297466 
25.068258   121.679893   1499297471 
25.068394   121.680595   1499297476 
25.068470   121.681244   1499297481 
25.068520   121.681870   1499297486 
25.068579   121.682579   1499297491 
25.068647   121.683327   1499297496 
25.068727   121.683907   1499297501 
25.068853   121.684486   1499297506 
25.069042   121.685150   1499297511 
25.069277   121.685783   1499297516 
25.069557   121.686401   1499297521 
25.069899   121.686989   1499297526 
25.070290   121.687561   1499297531 
25.070728   121.688095   1499297536 
25.071226   121.688591   1499297541 
25.071768   121.689018   1499297546 
25.072353   121.689423   1499297551 
25.072952   121.689804   1499297556 
25.073549   121.690163   1499297561 
25.074139   121.690514   1499297566 
25.074701   121.690880   1499297571 
25.075241   121.691269   1499297576 
25.075769   121.691650   1499297581 
25.076231   121.691971   1499297586 
25.076754   121.692345   1499297591 
25.077309   121.692734   1499297596 
25.077829   121.693115   1499297601 
25.078341   121.693489   1499297606 
25.078798   121.693985   1499297611 
25.079153   121.694557   1499297616 
25.079401   121.695190   1499297621 
25.079588   121.695831   1499297626 
25.079782   121.696472   1499297631 
25.079964   121.697075   1499297636 
25.080120   121.697556   1499297641 
25.080206   121.697823   1499297646 
25.080215   121.697853   1499297651 
25.080215   121.697853   1499297656 
25.080231   121.697937   1499297661 
25.080353   121.698341   1499297666 
25.080538   121.698914   1499297671 
25.080721   121.699532   1499297676 
25.080860   121.700157   1499297681 
25.080776   121.700768   1499297686 
25.080635   121.701385   1499297691 
25.080635   121.702026   1499297696 
25.081068   121.702522   1499297701 
25.081512   121.702919   1499297706 
25.081888   121.703224   1499297711 
25.082239   121.703506   1499297716 
25.082529   121.703758   1499297721 
25.082825   121.703995   1499297726 
25.083096   121.704216   1499297731 
25.083441   121.704475   1499297736 
25.083874   121.704788   1499297741 
25.084394   121.705101   1499297746 
25.085085   121.705284   1499297751 
25.085720   121.705276   1499297756 
25.086182   121.705238   1499297761 
25.086447   121.705223   1499297766 
25.086580   121.705200   1499297771 
25.086868   121.705185   1499297776 
25.087240   121.705193   1499297781 
25.087616   121.705185   1499297786 
25.087973   121.705193   1499297791 
25.088274   121.705200   1499297796 
25.088589   121.705215   1499297801 
25.089081   121.705276   1499297806 
25.089577   121.705482   1499297811 
25.089903   121.705803   1499297816 
25.089985   121.706039   1499297821 
25.090034   121.706085   1499297826 
25.090034   121.706085   1499297831 
25.090076   121.706100   1499297836 
25.090076   121.706100   1499297841 
25.090076   121.706100   1499297846 
25.090076   121.706100   1499297851 
25.090076   121.706100   1499297856 
25.090124   121.706184   1499297861 
25.090145   121.706429   1499297866 
25.090288   121.706818   1499297871 
25.090500   121.707306   1499297876 
25.090725   121.707848   1499297881 
25.091047   121.708359   1499297886 
25.091372   121.708817   1499297891 
25.091635   121.709221   1499297896 
25.091940   121.709656   1499297901 
25.092224   121.710075   1499297906 
25.092434   121.710373   1499297911 
25.092691   121.710724   1499297916 
25.092953   121.711082   1499297921 
25.093208   121.711449   1499297926 
25.093485   121.711830   1499297931 
25.093752   121.712112   1499297936 
25.093933   121.712280   1499297941 
25.093996   121.712357   1499297946 
25.094069   121.712433   1499297951 
25.094231   121.712616   1499297956 
25.094467   121.712860   1499297961 
25.094734   121.713135   1499297966 
25.094948   121.713394   1499297971 
25.095160   121.713600   1499297976 
25.095465   121.713890   1499297981 
25.095701   121.714134   1499297986 
25.095764   121.714249   1499297991 
25.095707   121.714310   1499297996 
25.095705   121.714310   1499298001 
25.095661   121.714317   1499298006 
25.095543   121.714287   1499298011 
25.095423   121.714195   1499298016 
25.095222   121.714333   1499299039 
25.095350   121.714264   1499299044 
25.095499   121.714424   1499299049 
25.095640   121.714409   1499299054 
25.095737   121.714317   1499299059 
25.095741   121.714310   1499299064 
25.095741   121.714310   1499299069 
25.095741   121.714310   1499299074 
25.095741   121.714310   1499299079 
25.095741   121.714310   1499299084 
25.095741   121.714310   1499299089 
25.095741   121.714310   1499299094 
25.095741   121.714310   1499299099 
25.095787   121.714241   1499299104 
25.095821   121.714195   1499299109 
25.095816   121.714134   1499299114 
25.095739   121.714027   1499299119 
25.095610   121.713905   1499299124 
25.095390   121.713707   1499299129 
25.095219   121.713509   1499299134 
25.094995   121.713326   1499299139 
25.094742   121.713112   1499299144 
25.094425   121.712791   1499299149 
25.094063   121.712402   1499299154 
25.093700   121.712013   1499299159 
25.093431   121.711700   1499299164 
25.093279   121.711494   1499299169 
25.093248   121.711365   1499299174 
25.093227   121.711411   1499299179 
25.093227   121.711411   1499299184 
25.093227   121.711411   1499299189 
25.093227   121.711411   1499299194 
25.093227   121.711411   1499299199 
25.093227   121.711411   1499299204 
25.093227   121.711411   1499299209 
25.093227   121.711411   1499299214 
25.093227   121.711411   1499299219 
25.093227   121.711411   1499299224 
25.093227   121.711411   1499299229 
25.093178   121.711357   1499299234 
25.093094   121.711174   1499299239 
25.092928   121.710976   1499299244 
